Manual2,2400.0
1001.0,4559.4240234375
1003.0,6124.475976562499
1005.0,11768.459765624999
1007.0,4143.93603515625
1009.0,11123.951953124999
1011.0,11534.832421875
1013.0,1881.216064453125
1015.0,9022.8
1017.0,2701.8240234375
1019.0,7482.359765624999
1021.0,5624.4240234375
1023.0,474.45600585937495
1025.0,5967.1201171875
1027.0,8262.7201171875
1029.0,6820.464257812499
1031.0,10687.667578125
1033.0,2554.6081054687497
1035.0,8475.4201171875
1037.0,6550.0681640625
1039.0,8791.6078125
1041.0,11786.844140625
1043.0,9088.848046875
1045.0,9179.49609375
1047.0,6878.051953125
1049.0,1482.095947265625
1001.0,4815.155859375
1003.0,6587.1837890625
1005.0,11402.1234375
1007.0,4224.1798828125
1009.0,11320.199999999999
1011.0,11259.3
1013.0,2034.9720703125
1015.0,8820.9837890625
1017.0,2927.7
1019.0,7213.6681640625
1021.0,5906.79609375
1023.0,516.6480102539062
1025.0,5785.3798828125
1027.0,8590.5240234375
1029.0,7184.8681640625
1031.0,10838.255859375
1033.0,2675.2798828125
1035.0,8785.7162109375
1037.0,6757.1642578125
1039.0,8903.1
1041.0,11969.49609375
1043.0,9336.659765625
1045.0,9035.244140625
1047.0,6995.099999999999
1049.0,1621.283935546875
