Manual1,1200.0
1000.0,8809.751953125
1002.0,11498.58046875
1004.0,2081.71201171875
1006.0,1817.76005859375
1008.0,5247.6357421875
1010.0,6367.4279296875
1012.0,6955.464257812499
1014.0,8931.8642578125
1016.0,2392.619970703125
1018.0,11471.651953125
1020.0,8033.1357421875
1022.0,6718.655859375
1024.0,2403.6
1026.0,5324.459765625
1028.0,183.83999633789062
1030.0,5063.6162109375
1032.0,7434.5279296875
1034.0,8538.6240234375
1036.0,11547.359765625
1038.0,6246.107812499999
1040.0,992.6759765625
1042.0,11516.615625
1044.0,2873.651953125
1046.0,2915.6279296875
1048.0,205.17599487304688
1000.0,9151.068164062499
1002.0,12015.4078125
1004.0,2261.0519531249997
1006.0,2094.431982421875
1008.0,5589.5759765625
1010.0,6143.3162109375
1012.0,6744.540234375
1014.0,8546.5078125
1016.0,2521.751953125
1018.0,11763.9
1020.0,8377.8720703125
1022.0,6951.1681640625
1024.0,2579.244140625
1026.0,5517.88828125
1028.0,239.33999633789062
1030.0,5306.00390625
1032.0,7791.803906249999
1034.0,8919.816210937499
1036.0,11857.48828125
1038.0,6573.983789062499
1040.0,1063.7039794921875
1042.0,11186.60390625
1044.0,2968.33212890625
1046.0,3100.751953125
1048.0,235.57199707031248
